51442
2568
11168
10473
5613
1029
3251
10644
2171
2744
3930
81611
467
23708
4071
6566
2824
8540
79596
3854
113
221061
51444
7447
4281
25984
3843
7298
4609
84617
53335
29902
3945
79070
11254
9126
56650
30968
4603
4893
55082
2037
9655
663
9459
23228
6632
97
9493
6347
375248
28959
2773
5359
5268
4200
80183
9833
80342
29940
7153
4851
7027
858
2961
10426
3832
6001
60487
51765
6663
146909
11326
2123
10099
8428
3310
55872
10000
23643
10950
80306
54906
10591
8842
1116
65109
9444
22934
23189
5321
6619
22911
79573
10477
2019
2182
699
1730
25797
57162
231
9232
10149
55975
10285
10659
51083
929
10133
10479
56603
6443
5317
7272
2296
2091
2263
4155
6275
23432
2305
6782
4277
10492
262
9994
10112
2332
25907
5366
55862
93081
4751
597
5066
55704
9837
7342
10635
115123
26278
10915
2012
8660
3815
55165
55144
55120
29899
8190
5806
11151
10125
84079
26577
5411
6355
55454
9332
8685
1633
8776
86
8898
22873
9839
10123
57180
1871
6907
3709
56992
10855
26098
27042
2213
8936
419
51338
10308
8877
6374
3868
5134
4478
1808
1514
4311
64699
123
1063
7096
5984
89797
10966
6515
1326
2001
23231
834
1381
10602
51053
5996
10484
23336
7159
51320
5610
29078
2534
9910
701
259266
4332
1230
2212
2210
573
25957
4067
2146
440
10402
10346
1756
85453
23683
5062
6277
5270
9473
79679
10403
55228
23347
991
55012
1054
81849
2919
23516
