3169
25803
7021
9635
253190
367
79083
55521
5304
54490
222
54847
2194
9060
10202
200734
23199
8564
253782
7494
22928
1718
10200
1831
214
4782
5562
23475
55503
3081
10916
23030
1528
23677
2582
2184
9865
2872
2954
1534
5445
65992
1846
5002
444
7108
81031
79603
11257
65084
11221
54502
54677
9022
3875
51809
10424
3880
1201
23647
5618
10140
1384
7905
2172
999
7103
400451
4488
92086
1573
9368
83451
1066
11237
23613
51181
5509
9743
9919
55048
27289
81848
2690
7351
11226
79762
65985
9321
22996
57535
1611
6652
80194
26154
10551
7586
8202
2109
55268
1244
563
23464
9124
839
1287
1728
54432
11059
538
171546
638
80321
25963
10362
55152
57415
64081
6337
57136
8800
8310
10455
247
81539
347
50862
5753
8534
54979
10483
8503
55556
80021
4329
5567
93664
27075
80221
10327
3778
645
65055
8365
79901
203197
6720
56929
26994
6319
1486
7358
6307
2264
284266
27034
79644
977
80303
90362
26047
8309
2539
55905
3927
54884
23171
6505
57016
125058
1950
4925
80195
64087
3158
7264
4128
3856
5295
9517
339479
2066
23443
1955
55890
10451
55568
64921
3212
64798
2064
