7031
9687
2099
5104
9635
2674
7021
57758
7832
27347
4129
629
4651
3572
540
3117
51466
178
8416
2173
222
56935
2625
684
90355
133
1359
23263
5304
4886
18
26960
57110
3119
10924
7802
80162
2530
25800
9620
81611
4213
214
10610
9
1718
57402
10486
7033
10397
5174
481
79669
6715
79624
10202
5979
7162
5327
147179
107
6590
347902
8942
51477
5744
595
10158
55107
54463
23158
10647
51809
54898
1384
3306
5920
6279
374
4250
56521
563
3084
10135
6999
27324
9518
3429
347
4477
10512
8309
3126
85453
3854
5918
1047
51806
3576
3158
4246
9547
4582
4321
